101.377 107.907 103.153
111.412 100.821 65.6594
139.347 99.531 12.0443
165.256 98.0748 62.7109
177.977 104.419 21.3872
185.418 126.285 18.8111
189.18 133.74 -40.6639
182.027 138.255 -83.1747
166.014 139.717 -155.033
141.707 144.745 111.367
134.403 132.532 39.6438
136.568 132.578 -3.53876
135.186 142.431 -82.1038
138.634 159.57 -170.856
141.708 173.757 -82.4213
143.472 191.289 -78.1307
139.863 195.931 161.064
141.695 207.042 -139.816
148.241 215.953 -72.3611
156.145 231.666 171.917
155.781 244.6 143.311
156.979 248.884 -149.551
158.801 267.633 -111.961
163.588 264.044 -1.64988
187.281 261.276 -30.557
188.762 252.046 71.8329
189.298 234.584 -156.088
181.195 220.986 133.866
