214.329 171.918 -167.231
208.893 150.418 133.583
207.574 142.911 32.2252
213.321 132.339 -33.824
203.486 137.903 153.726
187.267 133.609 166.194
180.219 138.581 -81.8672
169.595 138.224 -154.061
154.819 152.872 -109.407
144.28 160.71 -161.253
144.71 174.134 -140.315
138.205 192.966 165.586
142.297 206.48 -150.691
145.301 201.952 -81.3178
146.314 196.367 -84.5035
145.411 220.157 -65.8897
152.414 234.52 170.179
158.658 252.635 -93.6552
156.907 261.31 2.40787
169.441 263.898 4.75495
189.672 261.494 83.2704
190.174 247.049 56.2
190.717 233.664 -165.215
187.562 221.491 139.26
