220.103 285.706 -152.55
199.227 293.713 -128.481
198.439 294.458 -77.8869
188.68 296.755 141.934
178.984 296.605 68.5773
170.015 301.203 -74.6162
163.646 301.693 -133.87
159.725 296.307 171.66
152.781 287.994 -160.188
156.8 277.438 107.146
154.015 259.47 -145.267
151.825 245.921 97.3889
152.666 226.819 -159.581
143.173 207.143 159.004
137.699 201.568 -133.276
137.999 197.388 33.0365
144.677 190.805 25.4451
141.015 171.396 172.135
140.759 163.5 108.584
135.533 148.686 104.346
132.056 141.132 -175.202
128.964 136.344 -147.293
129.812 131.334 19.7877
118.253 115.662 132.718
112.899 102.889 -122.009
110.664 104.282 102.472
124.819 100.494 96.595
147.417 98.937 97.4252
157.472 97.5357 14.048
171.803 96.7499 65.8435
178.131 103.912 12.2982
175.215 117.602 -58.8563
176.496 133.449 -140.62
190.385 138.025 -24.2206
202.686 139.446 24.2386
213.863 141.902 61.8545
203.926 168.221 -37.964
141.379 192.724 -112.18
154.682 235.57 -75.3625
164.62 263.688 -2.36209
184.472 261.366 67.7429
187.906 241.264 134.993
181.96 222.254 130.052
185.135 228.263 125.874
