120 110 -45 29
138 137 -135 43
175 115 -45 74
169 102 90 81
183 82 -45 98
185 105 -45 100
185 109 45 106
201 209 -180 155
199 215 45 163
225 219 -45 180
224 263 -45 199
196 284 -90 210
172 260 -180 225
194 287 135 254
180 289 -135 257
205 273 90 269
220 266 -45 292
208 234 -135 330
167 234 -180 350
179 290 -45 380
168 315 -180 400
217 273 90 417
218 273 45 423
114 108 135 467
122 121 -135 474
134 113 0 484
144 102 90 491
168 121 -45 493
147 138 -180 509
149 151 -180 521
153 204 -90 534
175 210 45 567
196 213 -135 589
217 221 90 595
218 223 45 598
203 223 135 599
163 216 -135 637
163 216 -135 607
