120 110 -45 0.29
138 137 -135 1.13
175 115 -45 2.14
169 102 90 2.51
183 82 -45 3.38
185 105 -45 4.10
185 109 45 4.46
201 209 -180 6.05
199 215 45 6.43
225 219 -45 7.30
224 263 -45 8.19
196 284 -90 9.00
172 260 -180 9.45
194 287 135 10.44
180 289 -135 11.17
205 273 90 11.59
220 266 -45 12.52
208 234 -135 14.00
167 234 -180 14.50
179 290 -45 15.50
168 315 -180 16.40
217 273 90 17.27
218 273 45 18.03
114 108 135 19.17
122 121 -135 19.54
134 113 0 20.34
144 102 90 21.11
168 121 -45 21.43
147 138 -180 22.29
149 151 -180 23.11
153 204 -90 23.54
175 210 45 24.57
196 213 -135 25.49
217 221 90 26.25
218 223 45 26.58
203 223 135 27.29
163 216 -135 28.37

